//linear search
23, 27, 30, 34, 41, 51, 55, 57, 60, 67, 72, 78, 83, 96
X
Not found

23, 27, 30, 34, 41, 51, 55, 57, 60, 67, 72, 78, 83, 96
    X
Not found

23, 27, 30, 34, 41, 51, 55, 57, 60, 67, 72, 78, 83, 96
        X
Not found

23, 27, 30, 34, 41, 51, 55, 57, 60, 67, 72, 78, 83, 96
            X
Not found

23, 27, 30, 34, 41, 51, 55, 57, 60, 67, 72, 78, 83, 96
                X
Not found

23, 27, 30, 34, 41, 51, 55, 57, 60, 67, 72, 78, 83, 96
                    X
Not found

23, 27, 30, 34, 41, 51, 55, 57, 60, 67, 72, 78, 83, 96
                        X
Not found

23, 27, 30, 34, 41, 51, 55, 57, 60, 67, 72, 78, 83, 96
                            X
Not found

23, 27, 30, 34, 41, 51, 55, 57, 60, 67, 72, 78, 83, 96
                                X
Not found

23, 27, 30, 34, 41, 51, 55, 57, 60, 67, 72, 78, 83, 96
                                    X
Not found

23, 27, 30, 34, 41, 51, 55, 57, 60, 67, 72, 78, 83, 96
                                        X
72 Found


//binary search
23, 27, 30, 34, 41, 51, 55, 57, 60, 67, 72, 78, 83, 96
                        X
55 < 72

57, 60, 67, 72, 78, 83, 96
            X
72 found