//linear search
23, 27, 30, 34, 41, 51, 55, 57, 60, 67, 72, 78, 83, 96
X
Not found

23, 27, 30, 34, 41, 51, 55, 57, 60, 67, 72, 78, 83, 96
    X
Not found

23, 27, 30, 34, 41, 51, 55, 57, 60, 67, 72, 78, 83, 96
        X
Not found

23, 27, 30, 34, 41, 51, 55, 57, 60, 67, 72, 78, 83, 96
            X
Not found

23, 27, 30, 34, 41, 51, 55, 57, 60, 67, 72, 78, 83, 96
                X
Not found

23, 27, 30, 34, 41, 51, 55, 57, 60, 67, 72, 78, 83, 96
                    X
Not found

23, 27, 30, 34, 41, 51, 55, 57, 60, 67, 72, 78, 83, 96
                        X
Not found

23, 27, 30, 34, 41, 51, 55, 57, 60, 67, 72, 78, 83, 96
                            X
Not found

23, 27, 30, 34, 41, 51, 55, 57, 60, 67, 72, 78, 83, 96
                                X
Not found

23, 27, 30, 34, 41, 51, 55, 57, 60, 67, 72, 78, 83, 96
                                    X
Not found

23, 27, 30, 34, 41, 51, 55, 57, 60, 67, 72, 78, 83, 96
                                        X
Not found

23, 27, 30, 34, 41, 51, 55, 57, 60, 67, 72, 78, 83, 96
                                            X
Not found

23, 27, 30, 34, 41, 51, 55, 57, 60, 67, 72, 78, 83, 96
                                                X
Not found

23, 27, 30, 34, 41, 51, 55, 57, 60, 67, 72, 78, 83, 96
                                                    X
Not found

50 is not in this array.



//binary search
23, 27, 30, 34, 41, 51, 55, 57, 60, 67, 72, 78, 83, 96
                        X
55 > 50

23, 27, 30, 34, 41, 51
        X    
30 < 50

34, 41, 51
    X
41 < 50

51
X
50 not found