//linear search
23, 27, 30, 34, 41, 51, 55, 57, 60, 67, 72, 78, 83, 96
X
Not found

23, 27, 30, 34, 41, 51, 55, 57, 60, 67, 72, 78, 83, 96
    X
Not found

23, 27, 30, 34, 41, 51, 55, 57, 60, 67, 72, 78, 83, 96
        X
Not found

23, 27, 30, 34, 41, 51, 55, 57, 60, 67, 72, 78, 83, 96
            X
Not found

23, 27, 30, 34, 41, 51, 55, 57, 60, 67, 72, 78, 83, 96
                X
41 Found


//binary search
23, 27, 30, 34, 41, 51, 55, 57, 60, 67, 72, 78, 83, 96
                        X
55 > 41

23, 27, 30, 34, 41, 51
            X
34 < 41

41, 51
    X
51 > 41

41
X
41 found