25  30  20  80  40  60

25 < 30
25  30  20  80  40  60

30 > 20
25  20  30  80  40  60

30 < 80
25  20  30  80  40  60

80 > 40
25  20  30  40  80  60

80 > 40
25  20  30  40  60  80

25 > 20
20  25  30  40  60  80

25 < 30
20  25  30  40  60  80

30 < 40
20  25  30  40  60  80

40 < 60
20  25  30  40  60  80

60 < 80
20  25  30  40  60  80

20 < 25
20  25  30  40  60  80

25 < 30
20  25  30  40  60  80

30 < 40
20  25  30  40  60  80

40 < 60
20  25  30  40  60  80

60 < 80
20  25  30  40  60  80

the array is sorted